125,
21,
135,
71,
136,
137,
85,
55,
0,
124,
76,
57,
67,
33,
91,
86,
32,
30,
59,
16,
126,
41,
134,
106,
138,
102,
90,
37,
70,
14,
89,
69,
132,
34,
122,
50,
8,
123,
19,
18,
114,
61,
25,
95,
109,
103,
49,
121,
45,
131,
64,
20,
42,
46,
2,
73,
31,
130,
44,
120,
79,
88,
26,
117,
159,
115,
101,
110,
58,
140,
63,
56,
108,
9,
141,
99,
68,
29,
36,
142,
92,
87,
107,
105,
143,
127,
54,
112,
97,
144,
51,
43,
119,
1,
145,
53,
80,
48,
24,
146,
128,
98,
3,
11,
147,
104,
52,
111,
35,
148,
38,
17,
60,
4,
149,
78,
139,
133,
13,
150,
81,
75,
84,
12,
151,
129,
77,
15,
23,
152,
65,
113,
83,
27,
153,
66,
116,
96,
28,
154,
93,
74,
82,
47,
155,
7,
62,
94,
22,
156,
39,
5,
118,
6,
157,
40,
100,
72,
10,
158